4294967279,29
4294967279,28
4294967279,27
4294967279,25
4294967279,24
4294967279,22
4294967279,21
4294967279,20
4294967279,19
4294967279,17
4294967279,15
4294967279,14
4294967279,12
4294967279,11
4294967279,10
4294967294,127
4294967294,1160
4294967294,1157
4294967294,1155
4294967294,1154
4294967294,1056
4294967294,190
4294967294,182
4294967294,176
4294967294,173
4294967294,163
4294967294,161
4294967294,50
4294967294,417
4294967294,471
4294967294,1239
4294967294,92
4294967294,88
4294967294,126
4294967294,82
4294967294,1246
4294967294,83
4294967294,5
4294967278,132
4294967278,131
4294967278,130
4294967278,129
4294967278,128
4294967278,127
4294967278,126
4294967278,125
4294967278,124
4294967278,123
4294967278,122
4294967278,121
4294967278,120
4294967278,119
4294967278,118
4294967278,117
4294967278,116
4294967278,115
4294967278,114
4294967278,113
4294967278,112
4294967278,111
4294967278,110
4294967278,109
4294967278,108
4294967278,107
4294967278,106
4294967278,105
4294967278,104
4294967278,103
4294967278,102
4294967278,101
4294967278,100
4294967278,99
4294967278,98
4294967278,97
4294967278,96
4294967278,95
4294967278,94
4294967278,93
4294967278,92
4294967278,91
4294967278,90
4294967278,89
4294967278,87
4294967278,86
4294967278,85
4294967278,84
4294967278,83
4294967278,82
4294967278,81
4294967278,80
4294967278,79
4294967278,78
4294967278,77
4294967278,76
4294967278,75
4294967278,74
4294967278,73
4294967278,72
4294967278,71
4294967278,70
4294967278,69
4294967278,68
4294967278,67
4294967278,66
4294967278,65
4294967278,64
4294967278,63
4294967278,62
4294967278,61
4294967278,60
4294967278,59
4294967278,58
4294967278,57
4294967278,56
4294967278,55
4294967278,54
4294967278,53
4294967278,52
4294967278,51
4294967278,50
4294967278,49
4294967278,0
4294967279,58
4294967279,54
4294967279,53
4294967279,51
4294967279,50
4294967279,49
4294967279,48
4294967279,46
4294967279,43
4294967279,41
4294967279,40
4294967279,35
4294967279,23
4294967279,288
4294967279,18
4294967279,16
4294967279,13
4294967279,298
4294967279,9
4294967279,8
4294967279,7
4294967279,518
4294967279,6
4294967279,281
4294967279,5
4294967279,279
4294967279,4
9,4
10,4
4294967279,32
4294967294,22
4294967294,30
4294967294,1234
4294967294,1232
4294967294,1226
4294967294,1062
4294967294,1060
4294967294,1059
4294967294,1058
0,5
4294967279,522
4294967294,1158
4294967294,1153
4294967294,1083
4294967294,1081
4294967294,1080
4294967294,1077
4294967294,1074
4294967294,1073
4294967294,1071
4294967294,1068
4294967294,1065
4294967294,401
4294967294,470
4294967294,1066
4294967294,1240
4294967294,17
4294967294,76
4294967279,30
4294967279,521
4294967294,0
4294967294,46
4294967294,2
4294967279,301
4294967279,139
4294967294,437
4294967294,429
4294967294,187
4294967294,1
4294967294,441
4294967294,1079
4294967294,28
4294967294,1084
4294967294,27
4294967294,90
4294967294,87
4294967294,84
4294967279,26
4294967279,277
4294967294,9
4294967294,7
4294967279,135
4294967294,94
4294967294,96
4294967279,274
12,4
4294967279,538
12,3
12,2
12,1
0,7
4294967294,1235
4294967294,1231
4294967294,1087
4294967294,1057
4294967294,60
4294967294,426
4294967294,1159
4294967294,1156
4294967294,1152
4294967294,1082
4294967294,1078
4294967294,1076
4294967294,1072
4294967294,1070
4294967294,1067
4294967294,422
4294967294,185
4294967294,170
4294967294,162
4294967294,67
4294967294,14
4294967294,93
4294967294,95
4294967294,425
4294967294,43
4294967294,51
4294967294,52
4294967294,12
4294967294,25
4294967294,26
4294967294,81
4294967294,18
4294967294,1163
4294967294,11
4294967294,68
4294967294,1423
11,4
11,2
11,1
4294967294,473
4294967278,342
4294967293,131
4294967293,130
4294967293,129
4294967293,128
4294967293,127
4294967293,126
4294967293,125
4294967293,124
4294967293,123
4294967293,122
4294967293,121
4294967293,120
4294967293,119
4294967293,118
4294967293,117
4294967293,116
4294967293,115
4294967293,114
4294967293,113
4294967293,112
4294967293,111
4294967293,110
4294967293,109
4294967293,108
4294967293,107
4294967293,106
4294967293,105
4294967293,104
4294967293,103
4294967293,102
4294967293,101
4294967293,100
4294967293,99
4294967293,98
4294967293,97
4294967293,96
4294967293,95
4294967293,94
